close all;
clear all;
clc;


Vt = 0.0259;   %thermal voltage


V = [0.00543 0.0276 0.0501 0.0727 0.0953 0.118 0.14 0.163 0.186 0.208 0.231 0.253 0.276 0.298 0.321 0.343 0.366  0.389 0.411 0.434 0.456 0.479 0.501 0.524 0.546 0.569 0.592 0.614 0.637 0.659 0.682 0.704 0.727 0.749 0.772];
I = [2.25E-05 4.86E-05 8.67E-05 1.28E-04 1.82E-04 2.52E-04 3.68E-04 5.40E-04 7.73E-04 0.00117 0.00191 0.00339 0.00629 0.0117 0.023 0.0436 0.0803 0.136 0.217 0.328 0.444 0.582 0.743 0.921 1.08 1.26 1.44 1.6 1.82 1.99 2.2 2.44 2.67 2.89 3.15];

figure 
semilogy(V, I)
grid on
s = (log(I(17))-log(I(11)))/(V(17)-V(11));
ideality = 1/(Vt*s)
